Bathroom
0 0 1 0 0 0 0 0 0 1 0 0 // мыло
0 0 1 0 0 0 0 1 0 1 0 0 // шампунь
0 0 1 0 0 0 0 0 0 1 0 0 // мочалка
0 0 1 1 1 0 1 1 0 0 0 0 // фен
1 1 1 0 1 0 1 0 1 0 0 0 // унитаз
0 0 1 0 1 0 1 0 0 0 0 0 // кран

Kitchen
1 1 0 1 1 0 1 0 1 0 0 0 // плита
0 0 1 1 1 0 1 1 0 1 0 0 // чайник
1 1 0 1 1 0 1 0 1 0 0 0 // холодильник
0 0 0 1 1 1 1 1 1 0 1 0 // микроволновка
1 1 1 1 1 0 1 0 1 0 0 0 // посудомойка

Other home stuff
1 1 0 0 1 1 1 1 1 0 1 1 // телевизор
1 0 0 1 0 1 0 1 1 0 1 1 // муз центр
0 0 0 1 0 1 1 1 1 1 1 1 // моб телефон
1 1 0 1 1 0 1 1 1 0 0 0 // пылесос
1 0 0 1 0 1 1 1 1 0 1 0 // компьютер (стационарный)
0 0 0 1 0 0 1 1 1 0 1 1 // DVD
